OPENBVE
#ACCELERATION
1.0,3.2,10,20,1
3.0,4.2,30,40,1
4.0,4.2,50,60,1
5.0,5.1,70,80,1
#PERFORMANCE
12            ; Deceleration
0.9            ; CoefficientOfStaticFriction
0              ; Reserved (not used)
0.0025         ; CoefficientOfRollingResistance
1.2            ; AerodynamicDragCoefficient
#DELAY
0.4            ; DelayPowerUp
0.3            ; DelayPowerDown
0.3            ; DelayBrakeUp
0.2            ; DelayBrakeDown
#MOVE
700            ; JerkPowerUp
700            ; JerkPowerDown
2000           ; JerkBrakeUp
2000           ; JerkBrakeDown
700            ; BrakeCylinderUp
700            ; BrakeCylinderDown
#BRAKE
0              ; BrakeType
1              ; BrakeControlSystem
3              ; BrakeControlSpeed
#PRESSURE
255            ; BrakeCylinderServiceMaximumPressure
280            ; BrakeCylinderEmergencyMaximumPressure
630            ; MainReservoirMinimumPressure
820            ; MainReservoirMaximumPressure
490            ; BrakePipeNormalPressure
#HANDLE
1              ; HandleType
4              ; PowerNotches
5              ; BrakeNotches
0              ; PowerNotchReduceSteps
#CAB
-200           ; X
2300           ; Y
-1000          ; Z
#CAR
49.62          ; MotorCarMass
6              ; NumberOfMotorCars
39.918         ; TrailerCarMass
0              ; NumberOfTrailerCars
21.2           ; LengthOfACar
1              ; FrontCarIsAMotorCar
3.05           ; WidthOfACar
4.389          ; HeightOfACar
3.91           ; CenterOfGravityHeight
11             ; ExposedFrontalArea
1              ; UnexposedFrontalArea
#DEVICE
1              ; Ats
2              ; Atc
1              ; Eb
1              ; ConstSpeed
0              ; HoldBrake
0              ; ReAdhesionDevice
0              ; LoadCompensatingDevice (not used)
1              ; PassAlarm
2              ; DoorOpenMode
2              ; DoorCloseMode
#MOTOR_P1
0,100,60
0,100,60
0,100,61
0,100,61
0,100,62
0,100,62
0,100,62
0,100,63
0,100,63
0,100,64
0,100,64
0,100,64
0,100,65
0,100,65
0,100,66
0,100,66
0,100,67
0,100,67
0,100,67
0,100,68
0,100,68
0,100,69
0,100,69
0,100,69
0,100,70
0,100,70
0,100,71
0,100,71
0,100,71
0,100,72
0,100,72
0,100,73
0,100,73
0,100,73
0,100,74
0,100,74
0,100,75
0,100,75
0,100,76
0,100,76
-1,100,16
-1,100,18
-1,100,19
-1,100,21
-1,100,23
-1,100,24
-1,100,26
-1,100,27
-1,100,29
-1,100,31
-1,100,32
-1,100,34
-1,100,36
-1,100,37
-1,100,39
-1,100,40
-1,100,42
-1,100,44
-1,100,45
-1,100,47
-1,100,49
-1,100,50
-1,100,52
-1,100,54
-1,100,55
-1,100,57
-1,100,58
-1,100,60
-1,100,62
-1,100,63
-1,100,65
-1,100,67
-1,100,68
-1,100,70
-1,100,72
-1,100,73
-1,100,75
-1,100,76
-1,100,78
-1,100,80
-1,100,81
-1,100,83
-1,100,85
-1,100,86
-1,100,88
-1,100,89
-1,100,91
-1,100,93
-1,100,64
-1,100,75
2,90,15
2,91,31
2,91,47
2,92,64
2,92,80
2,93,96
2,94,96
2,94,96
2,95,96
2,95,96
2,96,96
2,97,96
2,97,96
2,98,96
2,98,96
2,99,96
2,100,96
2,100,96
2,101,96
2,101,96
2,102,96
2,103,96
2,103,96
2,104,96
2,104,96
2,105,96
2,106,96
2,106,96
2,107,96
2,107,96
2,108,96
2,109,96
2,109,96
2,110,96
2,110,96
2,111,96
2,112,96
2,112,96
2,113,96
2,113,96
2,114,96
2,115,96
2,115,96
2,116,96
2,116,84
2,117,72
2,118,59
2,118,47
2,119,35
2,119,25
4,80,40
4,80,41
4,80,42
4,80,43
4,81,44
4,81,45
4,81,46
4,81,47
4,81,48
4,81,49
4,82,50
4,82,51
4,82,52
4,82,53
4,82,54
4,83,55
4,83,56
4,83,57
4,83,58
4,83,59
4,84,60
4,84,61
4,84,62
4,84,63
4,84,64
4,84,65
4,85,66
4,85,67
4,85,69
4,85,70
4,85,71
4,86,72
4,86,73
4,86,74
4,86,75
4,86,76
4,87,77
4,87,78
4,87,79
4,87,80
4,87,81
4,87,82
4,88,83
4,88,84
4,88,85
4,88,86
4,88,87
4,89,88
4,89,89
4,89,90
4,89,91
4,89,92
4,90,93
4,90,94
4,90,95
4,90,96
4,90,96
4,90,96
4,91,96
4,91,96
4,91,96
4,91,96
4,91,96
4,92,96
4,92,96
4,92,96
4,92,96
4,92,96
4,93,96
4,93,96
4,93,96
4,93,96
4,93,96
4,93,96
4,94,96
4,94,96
4,94,96
4,94,96
4,94,96
4,95,96
4,95,96
4,95,96
4,95,96
4,95,96
4,95,96
4,96,96
4,96,96
4,96,96
4,96,96
4,96,96
4,97,96
4,97,96
4,97,96
4,97,96
4,97,96
4,98,96
4,98,95
4,98,95
4,98,95
4,98,95
4,98,95
4,99,95
4,99,95
4,99,95
4,99,95
4,99,95
4,100,95
4,100,95
4,100,95
4,100,95
4,100,95
4,101,95
4,101,95
4,101,95
4,101,95
4,101,95
4,101,95
4,102,95
4,102,95
4,102,95
4,102,95
4,102,95
4,103,95
4,103,95
4,103,95
4,103,95
4,103,95
4,104,95
4,104,95
4,104,95
4,104,95
4,104,95
4,104,95
4,105,95
4,105,95
4,105,95
4,105,94
4,105,94
4,106,93
4,106,92
4,106,92
4,106,91
4,106,91
4,107,90
4,107,89
4,107,89
4,107,88
4,107,87
4,107,87
4,108,86
4,108,86
4,108,85
4,108,84
4,108,84
4,109,83
4,109,82
4,109,82
4,109,81
4,109,80
4,109,80
4,110,79
4,110,79
4,110,78
4,110,77
4,110,77
4,111,76
4,111,75
4,111,75
4,111,74
4,111,73
4,112,73
4,112,72
4,112,72
4,112,71
4,112,70
4,112,70
4,113,69
4,113,68
4,113,68
4,113,67
4,113,66
4,114,66
4,114,65
4,114,65
4,114,64
4,114,63
4,115,63
4,115,62
4,115,61
4,115,61
4,115,60
4,115,60
4,116,59
4,116,58
4,116,58
4,116,57
4,116,56
4,117,56
4,117,55
4,117,54
4,117,54
4,117,53
4,118,53
4,118,52
4,118,51
4,118,51
4,118,50
4,118,49
4,119,49
4,119,48
4,119,48
4,119,47
4,119,46
4,120,46
4,120,45
4,120,44
4,120,44
4,120,43
4,120,42
4,121,42
4,121,41
4,121,41
4,121,40
4,121,39
4,122,39
4,122,38
4,122,37
4,122,37
4,122,36
4,123,35
4,123,35
4,123,34
4,123,34
4,123,33
4,123,32
4,124,32
4,124,31
4,124,30
4,124,30
4,124,29
4,125,28
4,125,28
4,125,27
4,125,27
4,125,26
4,126,25
4,126,25
4,126,24
4,126,23
4,126,23
4,126,22
4,127,22
4,127,21
4,127,20
4,127,20
4,127,19
4,128,18
4,128,18
4,128,17
4,128,16
4,128,16
4,129,15
4,129,15
4,129,14
4,129,13
4,129,13
4,129,12
4,130,11
4,130,11
4,130,10
4,130,10
4,130,9
4,131,8
4,131,8
4,131,7
4,131,6
4,131,6
4,132,5
4,132,4
4,132,4
4,132,3
4,132,3
4,132,2
4,133,1
4,133,1
4,133,0
4,133,0
4,133,0
4,134,0
4,134,0
4,134,0
4,134,0
4,134,0
4,134,0
4,135,0
4,135,0
4,135,0
4,135,0
4,135,0
4,136,0
4,136,0
4,136,0
4,136,0
4,136,0
4,137,0
4,137,0
4,137,0
4,137,0
4,137,0
4,137,0
4,138,0
4,138,0
4,138,0
4,138,0
4,138,0
4,139,0
4,139,0
4,139,0
4,139,0
4,139,0
4,140,0
4,140,0
4,140,0
4,140,0
4,140,0
4,140,0
4,141,0
4,141,0
4,141,0
4,141,0
4,141,0
4,142,0
4,142,0
4,142,0
4,142,0
4,142,0
4,143,0
4,143,0
4,143,0
4,143,0
4,143,0
4,143,0
4,144,0
4,144,0
4,144,0
4,144,0
4,144,0
4,145,0
4,145,0
4,145,0
4,145,0
4,145,0
4,146,0
4,146,0
4,146,0
4,146,0
4,146,0
4,146,0
4,147,0
4,147,0
4,147,0
4,147,0
4,147,0
4,148,0
4,148,0
4,148,0
4,148,0
4,148,0
4,148,0
4,149,0
4,149,0
4,149,0
4,149,0
4,149,0
4,150,0
4,150,0
4,150,0
4,150,0
4,150,0
4,151,0
4,151,0
4,151,0
4,151,0
4,151,0
4,151,0
4,152,0
4,152,0
4,152,0
4,152,0
4,152,0
4,153,0
4,153,0
4,153,0
4,153,0
4,153,0
4,154,0
4,154,0
4,154,0
4,154,0
4,154,0
4,154,0
4,155,0
4,155,0
4,155,0
4,155,0
4,155,0
4,156,0
4,156,0
4,156,0
4,156,0
4,156,0
4,157,0
4,157,0
4,157,0
4,157,0
4,157,0
4,157,0
4,158,0
4,158,0
4,158,0
4,158,0
4,158,0
4,159,0
4,159,0
4,159,0
4,159,0
4,159,0
4,160,0
4,160,0
4,160,0
4,160,0
4,160,0
4,160,0
4,161,0
4,161,0
4,161,0
4,161,0
4,161,0
4,162,0
4,162,0
4,162,0
4,162,0
4,162,0
4,162,0
4,163,0
4,163,0
4,163,0
4,163,0
4,163,0
4,164,0
4,164,0
4,164,0
4,164,0
4,164,0
4,165,0
4,165,0
4,165,0
4,165,0
4,165,0
4,165,0
4,166,0
4,166,0
4,166,0
4,166,0
4,166,0
4,167,0
4,167,0
4,167,0
4,167,0
4,167,0
4,168,0
4,168,0
4,168,0
4,168,0
4,168,0
4,168,0
4,169,0
4,169,0
4,169,0
4,169,0
4,169,0
4,170,0
4,170,0
4,170,0
4,170,0
4,170,0
4,171,0
4,171,0
4,171,0
4,171,0
4,171,0
4,171,0
4,172,0
4,172,0
4,172,0
4,172,0
4,172,0
4,173,0
4,173,0
4,173,0
4,173,0
4,173,0
4,173,0
4,174,0
4,174,0
4,174,0
4,174,0
4,174,0
4,175,0
4,175,0
4,175,0
4,175,0
4,175,0
4,176,0
4,176,0
4,176,0
4,176,0
4,176,0
4,176,0
4,177,0
4,177,0
4,177,0
4,177,0
4,177,0
4,178,0
4,178,0
4,178,0
4,178,0
4,178,0
4,179,0
4,179,0
4,179,0
4,179,0
4,179,0
4,179,0
4,180,0
4,180,0
4,180,0
4,180,0
4,180,0
4,181,0
4,181,0
4,181,0
4,181,0
4,181,0
4,182,0
4,182,0
4,182,0
4,182,0
4,182,0
4,182,0
4,183,0
4,183,0
4,183,0
4,183,0
4,183,0
4,184,0
4,184,0
4,184,0
4,184,0
4,184,0
4,185,0
4,185,0
4,185,0
4,185,0
4,185,0
4,185,0
4,186,0
4,186,0
4,186,0
4,186,0
4,186,0
4,187,0
4,187,0
4,187,0
4,187,0
4,187,0
4,187,0
4,188,0
4,188,0
4,188,0
4,188,0
4,188,0
4,189,0
4,189,0
4,189,0
4,189,0
4,189,0
4,190,0
4,190,0
4,190,0
4,190,0
4,190,0
4,190,0
4,191,0
4,191,0
4,191,0
4,191,0
4,191,0
4,192,0
4,192,0
4,192,0
4,192,0
4,192,0
4,193,0
4,193,0
4,193,0
4,193,0
4,193,0
4,193,0
4,194,0
4,194,0
4,194,0
4,194,0
4,194,0
4,195,0
4,195,0
4,195,0
4,195,0
4,195,0
4,196,0
4,196,0
4,196,0
4,196,0
4,196,0
4,196,0
4,197,0
4,197,0
4,197,0
4,197,0
4,197,0
4,198,0
4,198,0
4,198,0
4,198,0
4,198,0
4,199,0
4,199,0
4,199,0
4,199,0
4,199,0
4,199,0
4,200,0
4,200,0
4,200,0
4,200,0
4,200,0
4,201,0
4,201,0
4,201,0
4,201,0
4,201,0
4,202,0
4,202,0
4,202,0
4,202,0
4,202,0
4,203,0
4,203,0
4,203,0
#MOTOR_P2
-1,100,96
-1,100,96
-1,100,96
-1,100,96
-1,100,96
-1,100,96
-1,100,96
-1,100,96
-1,100,96
-1,100,96
-1,100,96
-1,100,96
-1,100,96
-1,100,96
-1,100,96
-1,100,96
-1,100,96
-1,100,96
-1,100,96
-1,100,96
-1,100,96
-1,100,96
-1,100,96
-1,100,96
-1,100,96
-1,100,96
-1,100,96
-1,100,96
-1,100,96
-1,100,96
-1,100,96
-1,100,96
-1,100,96
-1,100,96
-1,100,96
1,69,25
1,70,39
1,71,53
1,72,68
1,73,82
1,74,96
1,75,96
1,76,96
1,77,96
1,78,96
1,79,96
1,79,96
1,80,96
1,81,96
1,82,96
1,83,96
1,84,96
1,85,96
1,86,96
1,87,96
1,88,96
1,89,96
1,90,96
1,91,96
1,92,96
1,93,96
1,94,96
1,95,96
1,96,96
1,97,96
1,98,96
1,99,96
1,100,96
1,100,96
1,101,96
1,102,96
1,103,96
1,104,96
1,105,96
1,106,96
1,107,96
1,108,96
1,109,96
1,110,96
1,111,96
1,112,96
1,113,96
1,114,96
1,115,96
1,116,96
1,117,96
1,118,96
1,119,96
1,120,96
1,120,96
1,121,88
1,122,79
1,123,71
1,124,62
1,125,54
1,126,46
1,127,37
1,128,29
1,129,20
1,130,12
-1,100,96
-1,100,96
-1,100,96
-1,100,96
-1,100,96
-1,100,96
-1,100,96
-1,100,96
-1,100,96
-1,100,96
-1,100,96
-1,100,96
-1,100,96
-1,100,96
-1,100,96
-1,100,96
-1,100,96
-1,100,96
-1,100,96
-1,100,96
-1,100,96
-1,100,96
-1,100,96
-1,100,96
-1,100,96
-1,100,96
-1,100,96
-1,100,96
-1,100,96
-1,100,96
-1,100,96
-1,100,96
-1,95,96
3,92,25
3,92,35
3,93,45
3,93,55
3,94,66
3,94,76
3,95,86
3,95,96
3,95,96
3,96,96
3,96,96
3,97,96
3,97,96
3,98,96
3,98,96
3,98,96
3,99,96
3,99,96
3,100,96
3,100,96
3,100,96
3,101,96
3,101,96
3,102,96
3,102,96
3,103,96
3,103,96
3,103,96
3,104,96
3,104,96
3,105,96
3,105,96
3,106,96
3,106,96
3,106,96
3,107,96
3,107,96
3,108,96
3,108,96
3,108,96
3,109,96
3,109,96
3,110,96
3,110,96
3,111,96
3,111,96
3,111,96
3,112,96
3,112,96
3,113,96
3,113,96
3,114,96
3,114,96
3,114,94
3,115,91
3,115,89
3,116,87
3,116,84
3,117,82
3,117,80
3,117,77
3,118,75
3,118,73
3,119,70
3,119,68
3,120,66
3,120,63
3,120,61
3,121,58
3,121,56
3,122,54
3,122,51
3,122,49
3,123,47
3,123,44
3,124,42
3,124,40
3,125,37
3,125,35
5,78,75
5,78,75
5,78,75
5,78,76
5,78,76
5,78,76
5,78,76
5,79,76
5,79,77
5,79,77
5,79,77
5,79,77
5,79,77
5,79,78
5,79,78
5,79,78
5,79,78
5,80,78
5,80,79
5,80,79
5,80,79
5,80,79
5,80,79
5,80,80
5,80,80
5,80,80
5,80,80
5,81,80
5,81,81
5,81,81
5,81,81
5,81,81
5,81,81
5,81,82
5,81,82
5,81,82
5,81,82
5,82,82
5,82,83
5,82,83
5,82,83
5,82,83
5,82,83
5,82,84
5,82,84
5,82,84
5,82,84
5,82,84
5,83,85
5,83,85
5,83,85
5,83,85
5,83,85
5,83,86
5,83,86
5,83,86
5,83,86
5,83,86
5,84,87
5,84,87
5,84,87
5,84,87
5,84,87
5,84,88
5,84,88
5,84,88
5,84,88
5,84,88
5,85,89
5,85,89
5,85,89
5,85,89
5,85,89
5,85,90
5,85,90
5,85,90
5,85,90
5,85,90
5,85,90
5,86,91
5,86,91
5,86,91
5,86,91
5,86,91
5,86,92
5,86,92
5,86,92
5,86,92
5,86,92
5,87,93
5,87,93
5,87,93
5,87,93
5,87,93
5,87,94
5,87,94
5,87,94
5,87,94
5,87,94
5,88,95
5,88,95
5,88,95
5,88,95
5,88,95
5,88,96
5,88,96
5,88,96
5,88,96
5,88,96
5,89,97
5,89,97
5,89,97
5,89,97
5,89,97
5,89,98
5,89,98
5,89,98
5,89,98
5,89,98
5,89,99
5,90,99
5,90,99
5,90,99
5,90,99
5,90,100
5,90,100
5,90,100
5,90,100
5,90,100
5,90,101
5,91,101
5,91,101
5,91,101
5,91,101
5,91,102
5,91,102
5,91,102
5,91,102
5,91,102
5,91,103
5,92,103
5,92,103
5,92,103
5,92,103
5,92,104
5,92,104
5,92,104
5,92,104
5,92,104
5,92,105
5,92,105
5,93,105
5,93,105
5,93,105
5,93,105
5,93,105
5,93,105
5,93,105
5,93,105
5,93,105
5,93,105
5,94,105
5,94,105
5,94,105
5,94,105
5,94,105
5,94,105
5,94,105
5,94,105
5,94,105
5,94,105
5,95,105
5,95,105
5,95,105
5,95,105
5,95,105
5,95,105
5,95,105
5,95,105
5,95,105
5,95,105
5,96,105
5,96,105
5,96,105
5,96,105
5,96,105
5,96,105
5,96,105
5,96,105
5,96,105
5,96,105
5,96,105
5,97,105
5,97,105
5,97,105
5,97,105
5,97,105
5,97,104
5,97,104
5,97,104
5,97,104
5,97,104
5,98,104
5,98,104
5,98,104
5,98,104
5,98,104
5,98,104
5,98,104
5,98,104
5,98,104
5,98,104
5,99,104
5,99,104
5,99,104
5,99,104
5,99,104
5,99,104
5,99,104
5,99,104
5,99,104
5,99,104
5,99,104
5,100,104
5,100,104
5,100,104
5,100,104
5,100,104
5,100,104
5,100,104
5,100,104
5,100,104
5,100,104
5,101,104
5,101,104
5,101,104
5,101,104
5,101,104
5,101,104
5,101,104
5,101,104
5,101,104
5,101,104
5,102,104
5,102,104
5,102,104
5,102,104
5,102,104
5,102,104
5,102,104
5,102,104
5,102,104
5,102,104
5,103,104
5,103,104
5,103,104
5,103,104
5,103,104
5,103,104
5,103,104
5,103,104
5,103,104
5,103,104
5,103,104
5,104,104
5,104,104
5,104,104
5,104,104
5,104,104
5,104,104
5,104,104
5,104,104
5,104,104
5,104,104
5,105,104
5,105,104
5,105,104
5,105,104
5,105,104
5,105,104
5,105,104
5,105,104
5,105,104
5,105,104
5,106,103
5,106,103
5,106,103
5,106,103
5,106,103
5,106,103
5,106,103
5,106,103
5,106,103
5,106,103
5,106,103
5,107,103
5,107,103
5,107,103
5,107,103
5,107,103
5,107,103
5,107,103
5,107,103
5,107,103
5,107,103
5,108,103
5,108,103
5,108,103
5,108,103
5,108,103
5,108,103
5,108,103
5,108,103
5,108,103
5,108,103
5,109,103
5,109,103
5,109,103
5,109,103
5,109,103
5,109,103
5,109,103
5,109,103
5,109,103
5,109,103
5,110,103
5,110,103
5,110,103
5,110,103
5,110,103
5,110,103
5,110,103
5,110,103
5,110,103
5,110,103
5,110,103
5,111,103
5,111,103
5,111,103
5,111,103
5,111,103
5,111,103
5,111,103
5,111,103
5,111,103
5,111,103
5,112,103
5,112,103
5,112,103
5,112,103
5,112,103
5,112,103
5,112,103
5,112,103
5,112,103
5,112,103
5,113,103
5,113,103
5,113,103
5,113,103
5,113,103
5,113,103
5,113,103
5,113,103
5,113,103
5,113,103
5,114,103
5,114,103
5,114,103
5,114,103
5,114,102
5,114,102
5,114,102
5,114,102
5,114,102
5,114,102
5,114,102
5,115,102
5,115,102
5,115,102
5,115,102
5,115,102
5,115,102
5,115,102
5,115,102
5,115,102
5,115,102
5,116,102
5,116,102
5,116,102
5,116,102
5,116,102
5,116,102
5,116,102
5,116,102
5,116,102
5,116,102
5,117,102
5,117,102
5,117,102
5,117,102
5,117,102
5,117,102
5,117,102
5,117,102
5,117,102
5,117,102
5,117,102
5,118,102
5,118,102
5,118,102
5,118,102
5,118,102
5,118,102
5,118,102
5,118,102
5,118,102
5,118,102
5,119,102
5,119,102
5,119,102
5,119,102
5,119,102
5,119,102
5,119,102
5,119,102
5,119,102
5,119,102
5,120,102
5,120,102
5,120,102
5,120,102
5,120,102
5,120,102
5,120,102
5,120,102
5,120,102
5,120,102
5,121,102
5,121,102
5,121,102
5,121,102
5,121,102
5,121,102
5,121,102
5,121,102
5,121,102
5,121,102
5,121,102
5,122,102
5,122,102
5,122,102
5,122,102
5,122,102
5,122,102
5,122,102
5,122,102
5,122,101
5,122,101
5,123,101
5,123,101
5,123,101
5,123,101
5,123,101
5,123,101
5,123,101
5,123,101
5,123,101
5,123,101
5,124,101
5,124,101
5,124,101
5,124,101
5,124,101
5,124,101
5,124,101
5,124,101
5,124,101
5,124,101
5,124,101
5,125,101
5,125,101
5,125,101
5,125,101
5,125,101
5,125,101
5,125,101
5,125,101
5,125,101
5,125,101
5,126,101
5,126,101
5,126,101
5,126,101
5,126,101
5,126,101
5,126,101
5,126,101
5,126,101
5,126,101
5,127,101
5,127,101
5,127,101
5,127,101
5,127,101
5,127,101
5,127,101
5,127,101
5,127,101
5,127,101
5,128,101
5,128,101
5,128,101
5,128,101
5,128,101
5,128,101
5,128,101
5,128,101
5,128,101
5,128,101
5,128,101
5,129,101
5,129,101
5,129,101
5,129,101
5,129,101
5,129,101
5,129,101
5,129,101
5,129,101
5,129,101
5,130,101
5,130,101
5,130,101
5,130,101
5,130,101
5,130,101
5,130,101
5,130,101
5,130,101
5,130,101
5,131,101
5,131,101
5,131,101
5,131,100
5,131,100
5,131,100
5,131,100
5,131,100
5,131,100
5,131,100
5,131,100
5,132,100
5,132,100
5,132,100
5,132,100
5,132,100
5,132,100
5,132,100
5,132,100
5,132,100
5,132,100
5,133,100
5,133,100
5,133,100
5,133,100
5,133,100
5,133,100
5,133,100
5,133,100
5,133,100
5,133,100
5,134,100
5,134,100
5,134,100
5,134,100
5,134,100
5,134,100
5,134,100
5,134,100
5,134,100
5,134,100
5,135,100
5,135,100
5,135,100
5,135,100
5,135,100
5,135,100
#MOTOR_B1
0,10,0
0,12,1
0,14,2
0,16,3
0,18,4
0,20,5
0,22,6
0,24,7
0,26,8
0,28,9
0,30,10
0,32,11
0,34,12
0,36,13
0,38,14
0,40,15
0,42,16
0,44,18
0,46,19
0,48,20
0,50,21
0,52,22
0,54,23
0,56,24
0,58,25
0,61,26
0,63,27
0,65,28
0,67,29
0,69,30
0,71,31
0,73,32
0,75,33
0,77,34
0,79,35
0,81,35
0,83,35
0,85,35
0,87,35
0,89,35
0,91,35
0,93,35
0,95,35
0,97,35
0,99,35
0,101,35
0,103,35
0,105,35
0,107,35
0,109,35
-1,100,96
-1,100,96
-1,100,96
-1,100,96
-1,100,96
-1,100,96
-1,100,96
-1,100,96
-1,100,96
-1,100,96
-1,100,96
-1,100,96
-1,100,96
-1,100,96
-1,100,96
-1,100,96
-1,100,96
-1,100,96
-1,100,96
-1,100,96
-1,100,96
-1,100,96
-1,100,96
-1,100,96
-1,100,96
-1,100,96
-1,100,96
-1,100,96
-1,100,96
-1,100,96
-1,100,96
-1,100,96
-1,100,96
-1,100,96
-1,100,96
-1,100,96
-1,100,96
-1,100,96
2,81,3
2,82,6
2,82,9
2,83,12
2,84,15
2,84,18
2,85,21
2,86,24
2,86,27
2,87,30
2,88,33
2,88,36
2,89,38
2,90,41
2,90,44
2,91,47
2,91,50
2,92,53
2,93,56
2,93,59
2,94,62
2,95,65
2,95,68
2,96,68
2,97,68
2,97,68
2,98,68
2,99,68
2,99,68
2,100,68
2,101,68
2,101,68
2,102,68
2,103,68
2,103,68
2,104,68
2,105,68
2,105,68
2,106,68
2,107,68
2,107,68
2,108,68
2,109,68
2,109,65
2,110,61
2,111,58
2,111,54
2,112,51
2,112,47
2,113,44
2,114,41
2,114,37
2,115,34
2,116,30
2,116,27
2,117,24
2,118,20
2,118,17
2,119,13
2,120,10
2,120,6
2,121,3
4,80,0
4,80,2
4,80,5
4,80,7
4,81,10
4,81,12
4,81,15
4,81,17
4,81,20
4,81,22
4,82,25
4,82,27
4,82,30
4,82,32
4,82,35
4,82,38
4,82,42
4,83,45
4,83,48
4,83,51
4,83,54
4,83,58
4,83,61
4,84,64
4,84,67
4,84,70
4,84,74
4,84,77
4,84,80
4,84,83
4,85,86
4,85,90
4,85,93
4,85,93
4,85,94
4,85,94
4,86,94
4,86,95
4,86,95
4,86,95
4,86,95
4,86,95
4,86,95
4,87,95
4,87,95
4,87,95
4,87,95
4,87,95
4,87,95
4,88,95
4,88,95
4,88,95
4,88,95
4,88,95
4,88,95
4,88,95
4,89,95
4,89,95
4,89,95
4,89,95
4,89,94
4,89,94
4,90,93
4,90,93
4,90,92
4,90,92
4,90,91
4,90,91
4,90,91
4,91,90
4,91,90
4,91,89
4,91,89
4,91,88
4,91,88
4,92,88
4,92,87
4,92,87
4,92,86
4,92,86
4,92,85
4,92,85
4,93,84
4,93,84
4,93,84
4,93,83
4,93,83
4,93,82
4,94,82
4,94,81
4,94,81
4,94,81
4,94,80
4,94,80
4,94,79
4,95,79
4,95,78
4,95,78
4,95,77
4,95,77
4,95,77
4,96,76
4,96,76
4,96,75
4,96,75
4,96,74
4,96,74
4,96,74
4,97,73
4,97,73
4,97,72
4,97,72
4,97,71
4,97,71
4,98,70
4,98,70
4,98,70
4,98,69
4,98,69
4,98,68
4,98,68
4,99,67
4,99,67
4,99,67
4,99,66
4,99,66
4,99,65
4,100,65
4,100,64
4,100,64
4,100,63
4,100,63
4,100,63
4,100,62
4,101,62
4,101,61
4,101,61
4,101,60
4,101,60
4,101,60
4,102,59
4,102,59
4,102,58
4,102,58
4,102,57
4,102,57
4,102,56
4,103,56
4,103,56
4,103,55
4,103,55
4,103,54
4,103,54
4,104,53
4,104,53
4,104,53
4,104,52
4,104,52
4,104,51
4,104,51
4,105,50
4,105,50
4,105,49
4,105,49
4,105,49
4,105,48
4,106,48
4,106,47
4,106,47
4,106,46
4,106,46
4,106,46
4,107,45
4,107,45
4,107,44
4,107,44
4,107,43
4,107,43
4,107,42
4,108,42
4,108,42
4,108,41
4,108,41
4,108,40
4,108,40
4,109,39
4,109,39
4,109,39
4,109,38
4,109,38
4,109,37
4,109,37
4,110,36
4,110,36
4,110,35
4,110,35
4,110,35
4,110,34
4,111,34
4,111,33
4,111,33
4,111,32
4,111,32
4,111,32
4,111,31
4,112,31
4,112,30
4,112,30
4,112,29
4,112,29
4,112,28
4,113,28
4,113,28
4,113,27
4,113,27
4,113,26
4,113,26
4,113,25
4,114,25
4,114,25
4,114,24
4,114,24
4,114,23
4,114,23
4,115,22
4,115,22
4,115,21
4,115,21
4,115,21
4,115,20
4,115,20
4,116,19
4,116,19
4,116,18
4,116,18
4,116,18
4,116,17
4,117,17
4,117,16
4,117,16
4,117,15
4,117,15
4,117,14
4,117,14
4,118,14
4,118,13
4,118,13
4,118,12
4,118,12
4,118,11
4,119,11
4,119,11
4,119,10
4,119,10
4,119,9
4,119,9
4,119,8
4,120,8
4,120,7
4,120,7
4,120,7
4,120,6
4,120,6
4,121,5
4,121,5
4,121,4
4,121,4
4,121,4
4,121,3
4,121,3
4,122,2
4,122,2
4,122,1
4,122,1
4,122,0
4,122,0
4,123,0
4,123,0
4,123,0
4,123,0
4,123,0
4,123,0
4,123,0
4,124,0
4,124,0
4,124,0
4,124,0
4,124,0
4,124,0
4,125,0
4,125,0
4,125,0
4,125,0
4,125,0
4,125,0
4,125,0
4,126,0
4,126,0
4,126,0
4,126,0
4,126,0
4,126,0
4,127,0
4,127,0
4,127,0
4,127,0
4,127,0
4,127,0
4,127,0
4,128,0
4,128,0
4,128,0
4,128,0
4,128,0
4,128,0
4,129,0
4,129,0
4,129,0
4,129,0
4,129,0
4,129,0
4,129,0
4,130,0
4,130,0
4,130,0
4,130,0
4,130,0
4,130,0
4,131,0
4,131,0
4,131,0
4,131,0
4,131,0
4,131,0
4,131,0
4,132,0
4,132,0
4,132,0
4,132,0
4,132,0
4,132,0
4,133,0
4,133,0
4,133,0
4,133,0
4,133,0
4,133,0
4,133,0
4,134,0
4,134,0
4,134,0
4,134,0
4,134,0
4,134,0
4,135,0
4,135,0
4,135,0
4,135,0
4,135,0
4,135,0
4,135,0
4,136,0
4,136,0
4,136,0
4,136,0
4,136,0
4,136,0
4,137,0
4,137,0
4,137,0
4,137,0
4,137,0
4,137,0
4,137,0
4,138,0
4,138,0
4,138,0
4,138,0
4,138,0
4,138,0
4,139,0
4,139,0
4,139,0
4,139,0
4,139,0
4,139,0
4,139,0
4,140,0
4,140,0
4,140,0
4,140,0
4,140,0
4,140,0
4,141,0
4,141,0
4,141,0
4,141,0
4,141,0
4,141,0
4,141,0
4,142,0
4,142,0
4,142,0
4,142,0
4,142,0
4,142,0
4,143,0
4,143,0
4,143,0
4,143,0
4,143,0
4,143,0
4,143,0
4,144,0
4,144,0
4,144,0
4,144,0
4,144,0
4,144,0
4,145,0
4,145,0
4,145,0
4,145,0
4,145,0
4,145,0
4,145,0
4,146,0
4,146,0
4,146,0
4,146,0
4,146,0
4,146,0
4,147,0
4,147,0
4,147,0
4,147,0
4,147,0
4,147,0
4,147,0
4,148,0
4,148,0
4,148,0
4,148,0
4,148,0
4,148,0
4,149,0
4,149,0
4,149,0
4,149,0
4,149,0
4,149,0
4,149,0
4,150,0
4,150,0
4,150,0
4,150,0
4,150,0
4,150,0
4,151,0
4,151,0
4,151,0
4,151,0
4,151,0
4,151,0
4,151,0
4,152,0
4,152,0
4,152,0
4,152,0
4,152,0
4,152,0
4,153,0
4,153,0
4,153,0
4,153,0
4,153,0
4,153,0
4,153,0
4,154,0
4,154,0
4,154,0
4,154,0
4,154,0
4,154,0
4,155,0
4,155,0
4,155,0
4,155,0
4,155,0
4,155,0
4,156,0
4,156,0
4,156,0
4,156,0
4,156,0
4,156,0
4,156,0
4,157,0
4,157,0
4,157,0
4,157,0
4,157,0
4,157,0
4,158,0
4,158,0
4,158,0
4,158,0
4,158,0
4,158,0
4,158,0
4,159,0
4,159,0
4,159,0
4,159,0
4,159,0
4,159,0
4,160,0
4,160,0
4,160,0
4,160,0
4,160,0
4,160,0
4,160,0
4,161,0
4,161,0
4,161,0
4,161,0
4,161,0
4,161,0
4,162,0
4,162,0
4,162,0
4,162,0
4,162,0
4,162,0
4,162,0
4,163,0
4,163,0
4,163,0
4,163,0
4,163,0
4,163,0
4,164,0
4,164,0
4,164,0
4,164,0
4,164,0
4,164,0
4,164,0
4,165,0
4,165,0
4,165,0
4,165,0
4,165,0
4,165,0
4,166,0
4,166,0
4,166,0
4,166,0
4,166,0
4,166,0
4,166,0
4,167,0
4,167,0
4,167,0
4,167,0
4,167,0
4,167,0
4,168,0
4,168,0
4,168,0
4,168,0
4,168,0
4,168,0
4,168,0
4,169,0
4,169,0
4,169,0
4,169,0
4,169,0
4,169,0
4,170,0
4,170,0
4,170,0
4,170,0
4,170,0
4,170,0
4,170,0
4,171,0
4,171,0
4,171,0
4,171,0
4,171,0
4,171,0
4,172,0
4,172,0
4,172,0
4,172,0
4,172,0
4,172,0
4,172,0
4,173,0
4,173,0
4,173,0
4,173,0
4,173,0
4,173,0
4,174,0
4,174,0
4,174,0
4,174,0
4,174,0
4,174,0
4,174,0
4,175,0
4,175,0
4,175,0
4,175,0
4,175,0
4,175,0
4,176,0
4,176,0
4,176,0
4,176,0
4,176,0
4,176,0
4,176,0
4,177,0
4,177,0
4,177,0
4,177,0
4,177,0
4,177,0
4,178,0
4,178,0
4,178,0
4,178,0
4,178,0
4,178,0
4,178,0
4,179,0
4,179,0
4,179,0
4,179,0
4,179,0
4,179,0
4,180,0
4,180,0
4,180,0
4,180,0
#MOTOR_B2
-1,100,96
-1,100,96
-1,100,96
-1,100,96
-1,100,96
-1,100,96
-1,100,96
-1,100,96
-1,100,96
-1,100,96
-1,100,96
-1,100,96
-1,100,96
-1,100,96
-1,100,96
-1,100,96
-1,100,96
-1,100,96
-1,100,96
-1,100,96
-1,100,96
-1,100,96
-1,100,96
-1,100,96
-1,100,96
-1,100,96
-1,100,96
-1,100,96
-1,100,96
-1,100,96
-1,100,96
-1,100,96
-1,100,96
-1,100,96
-1,100,96
-1,100,96
-1,100,96
-1,100,96
-1,100,96
-1,100,96
-1,100,96
-1,100,96
-1,100,96
-1,100,96
-1,100,96
7,55,35
7,56,36
7,57,36
7,58,36
7,59,37
7,60,38
7,61,38
7,62,38
7,64,39
7,65,40
7,66,40
7,67,40
7,68,41
7,69,42
7,70,42
7,71,42
7,72,43
7,73,44
7,74,44
7,75,44
7,76,45
7,77,46
7,78,46
7,80,46
7,81,47
7,82,48
7,83,48
7,84,48
7,85,49
7,86,50
7,87,50
7,88,50
7,89,50
7,90,50
7,91,50
7,92,50
7,93,50
7,95,51
7,96,51
7,97,51
7,98,51
7,99,51
7,100,51
7,101,51
7,102,51
7,103,51
7,104,51
7,105,51
7,106,51
7,107,52
7,108,52
7,109,52
7,111,52
7,112,52
7,113,52
7,114,52
7,115,47
7,116,42
7,117,37
7,118,32
6,65,32
6,66,34
6,66,36
6,67,37
6,67,39
6,68,41
6,68,43
6,69,44
6,69,46
6,70,48
6,70,50
6,71,52
6,72,53
6,72,55
6,73,57
6,73,59
6,74,60
6,74,62
6,75,64
6,75,66
6,76,68
6,77,69
6,77,71
6,78,73
6,78,75
6,79,76
6,79,78
6,80,78
6,80,78
6,81,79
6,81,79
6,82,79
6,83,79
6,83,80
6,84,80
6,84,80
6,85,80
6,85,80
6,86,80
6,86,80
6,87,80
6,88,80
6,88,80
6,89,80
6,89,80
6,90,80
6,90,80
6,91,80
6,91,80
6,92,80
6,92,80
6,93,80
6,94,80
6,94,80
6,95,80
6,95,80
6,96,80
6,96,80
6,97,80
6,97,80
6,98,80
6,98,80
6,99,80
6,100,80
6,100,80
6,101,80
6,101,78
6,102,77
6,102,75
6,103,74
6,103,72
6,104,70
6,105,69
6,105,67
6,106,66
6,106,64
6,107,59
6,107,54
6,108,49
6,108,45
6,109,40
6,109,35
6,110,25
5,73,26
5,73,27
5,73,27
5,73,28
5,73,29
5,74,30
5,74,30
5,74,31
5,74,32
5,74,33
5,74,33
5,74,34
5,74,35
5,74,36
5,75,36
5,75,37
5,75,38
5,75,39
5,75,39
5,75,40
5,75,41
5,75,42
5,75,42
5,76,43
5,76,44
5,76,45
5,76,45
5,76,46
5,76,47
5,76,48
5,76,48
5,76,49
5,77,50
5,77,51
5,77,51
5,77,52
5,77,53
5,77,54
5,77,54
5,77,55
5,77,56
5,77,57
5,78,57
5,78,58
5,78,59
5,78,60
5,78,60
5,78,61
5,78,62
5,78,63
5,78,63
5,79,64
5,79,65
5,79,66
5,79,66
5,79,67
5,79,68
5,79,69
5,79,69
5,79,70
5,80,71
5,80,72
5,80,72
5,80,73
5,80,74
5,80,75
5,80,75
5,80,76
5,80,77
5,81,78
5,81,78
5,81,79
5,81,80
5,81,81
5,81,81
5,81,82
5,81,83
5,81,84
5,82,84
5,82,85
5,82,86
5,82,87
5,82,87
5,82,88
5,82,89
5,82,90
5,82,90
5,83,91
5,83,92
5,83,93
5,83,93
5,83,94
5,83,95
5,83,96
5,83,96
5,83,96
5,84,97
5,84,97
5,84,97
5,84,98
5,84,98
5,84,98
5,84,98
5,84,99
5,84,99
5,85,99
5,85,99
5,85,100
5,85,100
5,85,100
5,85,100
5,85,100
5,85,100
5,85,100
5,86,100
5,86,100
5,86,100
5,86,100
5,86,100
5,86,100
5,86,100
5,86,100
5,86,100
5,86,100
5,87,100
5,87,100
5,87,100
5,87,100
5,87,100
5,87,100
5,87,100
5,87,100
5,87,100
5,88,100
5,88,100
5,88,100
5,88,100
5,88,100
5,88,100
5,88,100
5,88,100
5,88,100
5,89,100
5,89,100
5,89,100
5,89,100
5,89,100
5,89,100
5,89,100
5,89,100
5,89,100
5,90,100
5,90,100
5,90,100
5,90,100
5,90,100
5,90,100
5,90,100
5,90,100
5,90,100
5,91,100
5,91,100
5,91,100
5,91,100
5,91,100
5,91,100
5,91,100
5,91,100
5,91,100
5,92,100
5,92,100
5,92,100
5,92,100
5,92,100
5,92,100
5,92,100
5,92,100
5,92,100
5,93,100
5,93,100
5,93,100
5,93,100
5,93,100
5,93,100
5,93,100
5,93,100
5,93,100
5,94,100
5,94,100
5,94,100
5,94,100
5,94,100
5,94,100
5,94,100
5,94,100
5,94,99
5,94,99
5,95,99
5,95,99
5,95,99
5,95,99
5,95,99
5,95,99
5,95,98
5,95,98
5,95,98
5,96,98
5,96,98
5,96,98
5,96,98
5,96,98
5,96,98
5,96,97
5,96,97
5,96,97
5,97,97
5,97,97
5,97,97
5,97,97
5,97,97
5,97,96
5,97,96
5,97,96
5,97,96
5,98,96
5,98,96
5,98,96
5,98,96
5,98,95
5,98,95
5,98,95
5,98,95
5,98,95
5,99,95
5,99,95
5,99,95
5,99,95
5,99,94
5,99,94
5,99,94
5,99,94
5,99,94
5,100,94
5,100,94
5,100,94
5,100,93
5,100,93
5,100,93
5,100,93
5,100,93
5,100,93
5,101,93
5,101,93
5,101,93
5,101,92
5,101,92
5,101,92
5,101,92
5,101,92
5,101,92
5,102,92
5,102,92
5,102,91
5,102,91
5,102,91
5,102,91
5,102,91
5,102,91
5,102,91
5,102,91
5,103,90
5,103,90
5,103,90
5,103,90
5,103,90
5,103,90
5,103,90
5,103,90
5,103,90
5,104,89
5,104,89
5,104,89
5,104,89
5,104,89
5,104,89
5,104,89
5,104,89
5,104,88
5,105,88
5,105,88
5,105,88
5,105,88
5,105,88
5,105,88
5,105,88
5,105,88
5,105,87
5,106,87
5,106,87
5,106,87
5,106,87
5,106,87
5,106,87
5,106,87
5,106,86
5,106,86
5,107,86
5,107,86
5,107,86
5,107,86
5,107,86
5,107,86
5,107,86
5,107,85
5,107,85
5,108,85
5,108,85
5,108,85
5,108,85
5,108,85
5,108,85
5,108,84
5,108,84
5,108,84
5,109,84
5,109,84
5,109,84
5,109,84
5,109,84
5,109,83
5,109,83
5,109,83
5,109,83
5,110,83
5,110,83
5,110,83
5,110,83
5,110,83
5,110,82
5,110,82
5,110,82
5,110,82
5,111,82
5,111,82
5,111,82
5,111,82
5,111,81
5,111,81
5,111,81
5,111,81
5,111,81
5,111,81
5,112,81
5,112,81
5,112,81
5,112,80
5,112,80
5,112,80
5,112,80
5,112,80
5,112,80
5,113,80
5,113,80
5,113,79
5,113,79
5,113,79
5,113,79
5,113,79
5,113,79
5,113,79
5,114,79
5,114,79
5,114,78
5,114,78
5,114,78
5,114,78
5,114,78
5,114,78
5,114,78
5,115,78
5,115,77
5,115,77
5,115,77
5,115,77
5,115,77
5,115,77
5,115,77
5,115,77
5,116,76
5,116,76
5,116,76
5,116,76
5,116,76
5,116,76
5,116,76
5,116,76
5,116,76
5,117,75
5,117,75
5,117,75
5,117,75
5,117,75
5,117,75
5,117,75
5,117,75
5,117,74
5,118,74
5,118,74
5,118,74
5,118,74
5,118,74
5,118,74
5,118,74
5,118,74
5,118,73
5,119,73
5,119,73
5,119,73
5,119,73
5,119,73
5,119,73
5,119,73
5,119,72
5,119,72
5,119,72
5,120,72
5,120,72
5,120,72
5,120,72
5,120,72
5,120,71
5,120,71
5,120,71
5,120,71
5,121,71
5,121,71
5,121,71
5,121,71
5,121,71
5,121,70
5,121,70
5,121,70
5,121,70
5,122,70
5,122,70
5,122,70
5,122,70
5,122,69
5,122,69
5,122,69
5,122,69
5,122,69
5,123,69
5,123,69
5,123,69
5,123,69
5,123,68
5,123,68
5,123,68
5,123,68
5,123,68
5,124,68
5,124,68
5,124,68
5,124,67
5,124,67
5,124,67
5,124,67
5,124,67
5,124,67
5,125,67
5,125,67
5,125,67
5,125,66
5,125,66
5,125,66
5,125,66
5,125,66
5,125,66
5,126,66
5,126,66
5,126,65
5,126,65
5,126,65
5,126,65
5,126,65
5,126,65
5,126,65
5,127,65
5,127,64
5,127,64
5,127,64
5,127,64
5,127,64
5,127,64
5,127,64
5,127,64
5,127,64
5,128,63
5,128,63
5,128,63
5,128,63
5,128,63
5,128,63
5,128,63
5,128,63
5,128,62
5,129,62
5,129,62
5,129,62
5,129,62
5,129,62
5,129,62
5,129,62
5,129,62
5,129,61
5,130,61
5,130,61
5,130,61
5,130,61
5,130,61
5,130,61
5,130,61
5,130,60
5,130,60
5,131,60
5,131,60
5,131,60
5,131,60
5,131,60
5,131,60
5,131,60
5,131,59
5,131,59
5,132,59
5,132,59
5,132,59
5,132,59
5,132,59
5,132,59
5,132,58
5,132,58
5,132,58
5,133,58
5,133,58
5,133,58
5,133,58
5,133,58
5,133,57
5,133,57
5,133,57
5,133,57
5,134,57
5,134,57
5,134,57
5,134,57
5,134,57
5,134,56
5,134,56
5,134,56
5,134,56
5,135,56
5,135,56
5,135,56
5,135,56
5,135,55
5,135,55
5,135,55
5,135,55
5,135,55
5,136,55
5,136,55
5,136,55
5,136,55
5,136,54
5,136,54
5,136,54
5,136,54
5,136,54
5,136,54
5,137,54
5,137,54
5,137,53
5,137,53
5,137,53
5,137,53
5,137,53
5,137,53
5,137,53
5,138,53
5,138,52
5,138,52
5,138,52
5,138,52
5,138,52
5,138,52
5,138,52
5,138,52
5,139,52
5,139,51
5,139,51
5,139,51
5,139,51
5,139,51
5,139,51
5,139,51
5,139,51
5,140,50
5,140,50
5,140,50
5,140,50
5,140,50
